--------------------5-bytes--------------------
0.344
0.653
0.416
--------------------10-bytes--------------------
0.254
0.493
0.248
--------------------20-bytes--------------------
0.065
0.01
0.077
--------------------100-bytes--------------------
0.002
0.124
0.128
--------------------500-bytes--------------------
0.039
0.006
0.002
--------------------1024-bytes--------------------
0.001
0.003
0.05
--------------------2048-bytes--------------------
0.005
0.004
0.059
--------------------4048-bytes--------------------
0
0
0.002
